c65dc5ce-e555-4a12-abb3-c427ce0fe1aa,11,17.72,47.13,2025-04-02 03:17:12
