a1bdb98f-2c4b-4216-b651-654a527a7d7b,44,45.04,61.7,2025-04-02 03:26:51
