a72cd3cf-e465-44a1-8b00-456bee5bb562,34,34.57,32.04,2025-04-02 03:15:53
